 PDE 2008  5 12  6 28  1.60  31.0000  103.3200  19.0 0.0 8.1 OWSICHUAN  CHINA
event name:     C200805120628A
time shift:     38.8000
half duration:  21.8000
latitude:       31.4400
longitude:     104.1000
depth:          12.8000
Mrr:       5.690000e+27
Mtt:       1.000000e+26
Mpp:      -5.790000e+27
Mrt:      -1.990000e+27
Mrp:       5.610000e+27
Mtp:      -3.480000e+27
