 PDE 2005  9  9  7 26 43.70  -4.5400  153.4700  90.0 0.0 0.0 OWNEW IRELAND REGION  P.N.G
event name:     C200509090726A
time shift:     29.1000
half duration:  16.2000
latitude:       -5.2000
longitude:     153.9500
depth:          83.6000
Mrr:       3.130000e+27
Mtt:      -1.320000e+27
Mpp:      -1.820000e+27
Mrt:      -1.250000e+27
Mrp:       1.380000e+27
Mtp:       1.600000e+27
