 PDE 2007  1 13  4 23 21.20  46.2400  154.5200  10.0 0.0 8.2 OWEAST OF KURIL ISLANDS
event name:     C200701130423A
time shift:     26.9000
half duration:  27.4000
latitude:       46.1700
longitude:     154.8000
depth:          12.0000
Mrr:      -1.380000e+28
Mtt:       1.330000e+28
Mpp:       5.100000e+26
Mrt:      -2.740000e+27
Mrp:      -7.850000e+27
Mtp:       7.980000e+27
