 PDE 2004 12 23 14 59  4.40 -49.3100  161.3500  10.0 0.0 7.7 OWNORTH OF MACQUARIE ISLAND
event name:     M122304A
time shift:     26.5000
half duration:  26.7000
latitude:      -49.9100
longitude:     161.2500
depth:          27.5000
Mrr:       1.080000e+27
Mtt:       8.740000e+27
Mpp:      -9.820000e+27
Mrt:       4.880000e+27
Mrp:      -3.170000e+27
Mtp:      -1.210000e+28
