 PDE 2004 11 11 21 26 41.20  -8.1500  124.8700  10.0 0.0 7.3 OWTIMOR REGION
event name:     C111104M
time shift:     16.8000
half duration:  13.5000
latitude:       -7.8700
longitude:     125.1200
depth:          17.0000
Mrr:       1.600000e+27
Mtt:      -1.590000e+27
Mpp:      -4.000000e+24
Mrt:      -1.340000e+27
Mrp:       5.600000e+25
Mtp:      -3.800000e+26
