 PDE 2016 12  8 17 38 46.30 -10.6800  161.3200  40.0 0.0 7.8 OWSOLOMON ISLANDS
event name:     C201612081738A
time shift:     14.2000
half duration:  19.4000
latitude:      -10.4600
longitude:     161.1200
depth:          45.5000
Mrr:       5.220000e+27
Mtt:      -3.570000e+27
Mpp:      -1.650000e+27
Mrt:      -1.350000e+27
Mrp:      -1.860000e+27
Mtp:       3.690000e+27
