 PDE 2007 11 14 15 40 50.50 -22.2500  -69.8900  40.0 0.0 7.7 OWNORTHERN CHILE
event name:     C200711141540A
time shift:     20.7000
half duration:  17.7000
latitude:      -22.6400
longitude:     -70.6200
depth:          37.6000
Mrr:       2.960000e+27
Mtt:       4.200000e+25
Mpp:      -3.000000e+27
Mrt:       7.350000e+26
Mrp:      -3.630000e+27
Mtp:       3.370000e+26
