 PDE 2015 10 26  9  9 42.60  36.5300   70.3600 231.0 0.0 7.5 OWHINDU KUSH REGION  AFGHANISTAN
event name:     C201510260909A
time shift:      4.0000
half duration:  13.7000
latitude:       36.5500
longitude:      70.4200
depth:         209.4000
Mrr:       1.530000e+27
Mtt:      -1.430000e+27
Mpp:      -1.010000e+26
Mrt:       1.600000e+27
Mrp:      -4.370000e+26
Mtp:       2.770000e+26
