 PDE 1997 10 14  9 53 18.10 -22.1000 -176.7700 167.3 0.0 0.0 OWSOUTH OF FIJI ISLANDS
event name:     M101497A
time shift:     14.6000
half duration:  17.9000
latitude:      -21.9400
longitude:    -176.1500
depth:         165.9000
Mrr:      -1.289000e+27
Mtt:       7.350000e+26
Mpp:       5.550000e+26
Mrt:      -9.820000e+26
Mrp:      -4.027000e+27
Mtp:       1.299000e+27
