 PDE 1996  6 10  4  3 35.40  51.5600 -177.6300  33.0 0.0 7.6 OWANDREANOF ISLANDS  ALEUTIAN IS
event name:     M061096B
time shift:     28.0000
half duration:  18.8000
latitude:       51.1000
longitude:    -177.4100
depth:          29.0000
Mrr:       4.121000e+27
Mtt:      -4.098000e+27
Mpp:      -2.300000e+25
Mrt:       6.509000e+27
Mrp:       1.818000e+27
Mtp:      -1.553000e+27
