 PDE 1996 11 12 16 59 44.00 -14.9900  -75.6800  33.0 0.0 7.3 OWNEAR COAST OF PERU
event name:     M111296D
time shift:     31.8000
half duration:  13.1000
latitude:      -15.0400
longitude:     -75.3700
depth:          37.4000
Mrr:       3.387000e+27
Mtt:      -4.560000e+26
Mpp:      -2.931000e+27
Mrt:      -2.890000e+26
Mrp:      -2.687000e+27
Mtp:       1.857000e+27
