 PDE 1996  1  1  8  5 11.90   0.7200  119.9800  33.0 0.0 7.7 OWMINAHASSA PENINSULA  SULAWESI
event name:     C010196C
time shift:     11.2000
half duration:  22.6000
latitude:        0.7400
longitude:     119.9300
depth:          15.0000
Mrr:       1.345000e+27
Mtt:      -9.850000e+26
Mpp:      -3.590000e+26
Mrt:      -7.266000e+27
Mrp:      -2.364000e+27
Mtp:      -8.560000e+26
