 PDE 2006  4 20 23 25  2.20  60.9500  167.0900  22.0 0.0 7.6 OWEASTERN SIBERIA  RUSSIA
event name:     C200604202325A
time shift:     15.4000
half duration:  15.1000
latitude:       60.8900
longitude:     167.0500
depth:          12.0000
Mrr:       2.800000e+27
Mtt:      -8.680000e+26
Mpp:      -1.930000e+27
Mrt:       6.600000e+26
Mrp:       2.030000e+26
Mtp:      -1.520000e+27
