 PDE 2018  2 25 17 44 44.10  -6.0700  142.7500  25.2 0.0 7.5 OWNEW GUINEA  PAPUA NEW GUINEA
event name:     C201802251744A
time shift:     24.5000
half duration:  13.3000
latitude:       -6.2900
longitude:     142.9700
depth:          12.0000
Mrr:       1.690000e+27
Mtt:      -1.290000e+27
Mpp:      -4.000000e+26
Mrt:       1.130000e+27
Mrp:      -2.550000e+26
Mtp:       7.000000e+26
