 PDE 2021  3  4 19 28 33.20 -29.7200 -177.2800  28.9 0.0 8.1 OWKERMADEC ISLANDS  NEW ZEALAND
event name:     C202103041928A
time shift:     28.9000
half duration:  26.5000
latitude:      -29.1100
longitude:    -176.7300
depth:          33.9000
Mrr:       9.570000e+27
Mtt:      -5.500000e+26
Mpp:      -9.030000e+27
Mrt:       2.310000e+27
Mrp:       1.260000e+28
Mtp:      -2.470000e+27
