 PDE 2001  6 23 20 33 14.10 -16.2600  -73.6400  33.0 0.0 8.2 OWNEAR COAST OF PERU
event name:     M062301E
time shift:     69.2000
half duration:  43.2000
latitude:      -17.2800
longitude:     -72.7100
depth:          29.6000
Mrr:       2.245000e+28
Mtt:      -5.470000e+27
Mpp:      -1.698000e+28
Mrt:       1.339000e+28
Mrp:      -3.728000e+28
Mtp:       1.444000e+28
