 PDE 1995 10  9 15 35 55.70  19.1500 -104.2200  49.0 0.0 7.3 OWNEAR COAST OF JALISCO  MEXICO
event name:     M100995C
time shift:     33.1000
half duration:  19.4000
latitude:       19.3400
longitude:    -104.8000
depth:          15.0000
Mrr:       3.621000e+27
Mtt:      -2.531000e+27
Mpp:      -1.090000e+27
Mrt:       9.443000e+27
Mrp:      -5.493000e+27
Mtp:       1.396000e+27
