 PDE 2020 10 19 20 54 39.00  54.6000 -159.6200  29.1 0.0 7.6 OWSOUTH OF ALASKA
event name:     C202010192054A
time shift:     21.6000
half duration:  15.1000
latitude:       54.4800
longitude:    -159.7000
depth:          37.4000
Mrr:       5.300000e+25
Mtt:      -5.160000e+26
Mpp:       4.630000e+26
Mrt:       1.870000e+27
Mrp:       6.960000e+26
Mtp:       2.150000e+27
