 PDE 2007 12  9  7 28 20.80 -26.0000 -177.5100 152.5 0.0 7.8 OWSOUTH OF FIJI ISLANDS
event name:     C200712090728A
time shift:     17.1000
half duration:  20.2000
latitude:      -25.7500
longitude:    -177.2200
depth:         149.9000
Mrr:       2.520000e+27
Mtt:      -4.340000e+27
Mpp:       1.830000e+27
Mrt:      -5.690000e+27
Mrp:      -5.340000e+26
Mtp:      -2.710000e+27
