 PDE 2002  8 19 11  1  1.20 -21.7000 -179.5100 580.0 0.0 0.0 OWFIJI ISLANDS REGION
event name:     C081902A
time shift:     13.4000
half duration:  16.5000
latitude:      -21.7400
longitude:    -179.0800
depth:         630.9000
Mrr:      -1.695000e+27
Mtt:      -1.540000e+26
Mpp:       1.849000e+27
Mrt:      -1.477000e+27
Mrp:      -2.569000e+27
Mtp:      -3.860000e+26
