 PDE 2014  4  3  2 43 11.20 -20.5700  -70.5000  10.0 0.0 7.7 OWNEAR COAST OF NORTHERN CHILE
event name:     C201404030243A
time shift:     24.7000
half duration:  17.9000
latitude:      -20.4300
longitude:     -70.6000
depth:          28.7000
Mrr:       2.200000e+27
Mtt:       4.600000e+25
Mpp:      -2.240000e+27
Mrt:       1.220000e+27
Mrp:      -4.200000e+27
Mtp:       3.800000e+26
