 PDE 2021  2 10 13 19 55.50 -23.0500  171.6600  10.0 0.0 7.7 OWSOUTHEAST OF LOYALTY ISLANDS
event name:     C202102101319A
time shift:     28.5000
half duration:  16.8000
latitude:      -22.9800
longitude:     171.6200
depth:          21.0000
Mrr:       2.900000e+27
Mtt:      -2.810000e+27
Mpp:      -9.800000e+25
Mrt:       2.960000e+27
Mrp:       1.690000e+26
Mtp:       1.290000e+26
