 PDE 2007  1 21 11 27 45.10   1.0700  126.2800  22.0 0.0 7.5 OWNORTHERN MOLUCCA SEA
event name:     C200701211127A
time shift:     15.9000
half duration:  13.2000
latitude:        1.1000
longitude:     126.2100
depth:          22.2000
Mrr:       1.750000e+27
Mtt:      -2.060000e+26
Mpp:      -1.540000e+27
Mrt:       4.000000e+25
Mrp:      -8.030000e+26
Mtp:      -7.170000e+26
