 PDE 1995  5 16 20 12 45.60 -23.0100  169.8900  33.0 0.0 7.7 OWSOUTHEAST OF LOYALTY ISLANDS
event name:     M051695F
time shift:     16.5000
half duration:  18.8000
latitude:      -23.0500
longitude:     170.0000
depth:          24.7000
Mrr:      -3.190000e+27
Mtt:       3.693000e+27
Mpp:      -5.030000e+26
Mrt:      -1.306000e+27
Mrp:       6.190000e+26
Mtp:      -1.268000e+27
