 PDE 2000  6 18 14 44 13.30 -13.8000   97.4500  10.0 0.0 7.8 OWSOUTH INDIAN OCEAN
event name:     C061800A
time shift:     14.3000
half duration:  25.7000
latitude:      -13.4700
longitude:      97.1700
depth:          15.0000
Mrr:       1.580000e+27
Mtt:       2.772000e+27
Mpp:      -4.353000e+27
Mrt:       2.966000e+27
Mrp:       3.472000e+27
Mtp:      -5.894000e+27
