 PDE 2005 10  8  3 50 40.80  34.5400   73.5900  26.0 0.0 7.7 OWPAKISTAN
event name:     C200510080350A
time shift:     10.7000
half duration:  15.0000
latitude:       34.3800
longitude:      73.4700
depth:          12.0000
Mrr:       2.610000e+27
Mtt:      -1.270000e+27
Mpp:      -1.330000e+27
Mrt:       1.430000e+27
Mrp:       3.640000e+26
Mtp:       1.260000e+27
