 PDE 1994 12 28 12 19 23.60  40.4500  143.4900  33.0 0.0 7.5 OWOFF EAST COAST OF HONSHU  JAPAN
event name:     M122894C
time shift:     35.5000
half duration:  14.8000
latitude:       40.5600
longitude:     142.9900
depth:          27.7000
Mrr:       1.733000e+27
Mtt:       1.330000e+26
Mpp:      -1.866000e+27
Mrt:       1.785000e+27
Mrp:       4.157000e+27
Mtp:      -4.280000e+26
