 PDE 2010  4  6 22 15  1.60   2.3800   97.0500  31.0 0.0 7.9 OWNORTHERN SUMATRA  INDONESIA
event name:     M201004062215A
time shift:     17.5000
half duration:  19.5000
latitude:        2.0700
longitude:      96.7400
depth:          17.6000
Mrr:       1.720000e+27
Mtt:      -1.060000e+27
Mpp:      -6.630000e+26
Mrt:       4.970000e+27
Mrp:      -3.980000e+27
Mtp:       7.710000e+26
