 PDE 2018  8 19  0 19 40.70 -18.1100 -178.1500 600.0 0.0 8.2 OWFIJI ISLANDS REGION
event name:     C201808190019A
time shift:     18.3000
half duration:  30.8000
latitude:      -17.8600
longitude:    -177.8500
depth:         555.0000
Mrr:      -1.460000e+28
Mtt:      -1.160000e+27
Mpp:       1.580000e+28
Mrt:      -4.000000e+27
Mrp:      -1.860000e+28
Mtp:       7.190000e+27
