 PDE 1993  6  8 13  3 37.60  51.2200  157.8400  81.0 0.0 7.3 OWNEAR EAST COAST OF KAMCHATKA
event name:     C060893D
time shift:     19.8000
half duration:  13.4000
latitude:       51.3600
longitude:     158.7500
depth:          45.9000
Mrr:       1.666000e+27
Mtt:      -4.600000e+26
Mpp:      -1.206000e+27
Mrt:       7.430000e+26
Mrp:       7.770000e+26
Mtp:      -8.360000e+26
