 PDE 2017  1 22  4 30 23.00  -6.2500  155.1700 135.0 0.0 7.9 OWSOLOMON ISLANDS
event name:     C201701220430A
time shift:     15.1000
half duration:  21.5000
latitude:       -6.0300
longitude:     154.9400
depth:         149.6000
Mrr:       8.420000e+27
Mtt:      -5.840000e+27
Mpp:      -2.580000e+27
Mrt:       8.700000e+26
Mrp:      -1.660000e+27
Mtp:       3.860000e+27
