 PDE 2021  7 29  6 15 48.20  55.3900 -157.8900  30.0 0.0 8.2 OWALASKA PENINSULA
event name:     C202107290615A
time shift:     32.0000
half duration:  32.4000
latitude:       55.4000
longitude:    -157.3200
depth:          29.6000
Mrr:       1.030000e+28
Mtt:      -7.690000e+27
Mpp:      -2.600000e+27
Mrt:       2.390000e+28
Mrp:       1.370000e+28
Mtp:      -4.820000e+27
