 PDE 2022  9 19 18  5  8.10  18.4700 -102.9500  25.5 0.0 7.6 OWMICHOACAN  MEXICO
event name:     C202209191805A
time shift:     18.4000
half duration:  16.4000
latitude:       18.5700
longitude:    -103.4400
depth:          18.6000
Mrr:       1.600000e+27
Mtt:      -1.210000e+27
Mpp:      -3.910000e+26
Mrt:       3.290000e+27
Mrp:      -1.190000e+27
Mtp:       5.790000e+26
