 PDE 2006  5  3 15 26 40.30 -20.1900 -174.1200  55.0 0.0 7.9 OWTONGA ISLANDS
event name:     C200605031527A
time shift:     23.4000
half duration:  23.5000
latitude:      -20.3900
longitude:    -173.4700
depth:          67.8000
Mrr:       6.600000e+27
Mtt:      -1.250000e+27
Mpp:      -5.350000e+27
Mrt:       8.900000e+26
Mrp:       8.750000e+27
Mtp:      -3.280000e+27
