 PDE 2001 10 19  3 28 44.50  -4.1000  123.9100  33.0 0.0 7.3 OWBANDA SEA
event name:     C101901A
time shift:     13.5000
half duration:  13.6000
latitude:       -4.3100
longitude:     124.1100
depth:          18.8000
Mrr:       1.700000e+25
Mtt:      -1.150000e+26
Mpp:       9.800000e+25
Mrt:       4.240000e+26
Mrp:       1.640000e+26
Mtp:       1.797000e+27
