 PDE 1997 12  5 11 26 54.70  54.8400  162.0400  33.0 0.0 7.6 OWNEAR EAST COAST OF KAMCHATKA
event name:     C120597C
time shift:     26.6000
half duration:  17.1000
latitude:       54.3100
longitude:     161.9100
depth:          33.6000
Mrr:       3.611000e+27
Mtt:      -8.710000e+26
Mpp:      -2.741000e+27
Mrt:       2.571000e+27
Mrp:       2.800000e+27
Mtp:      -1.792000e+27
