 PDE 1996  6 17 11 22 18.50  -7.1400  122.5900 587.0 0.0 0.0 OWFLORES SEA
event name:     M061796A
time shift:     15.2000
half duration:  19.4000
latitude:       -7.3800
longitude:     123.0200
depth:         584.2000
Mrr:      -5.534000e+27
Mtt:       6.011000e+27
Mpp:      -4.780000e+26
Mrt:      -1.585000e+27
Mrp:       3.426000e+27
Mtp:       2.476000e+27
