 PDE 2003  7 15 20 27 50.50  -2.6000   68.3800  10.0 0.0 7.6 OWCARLSBERG RIDGE
event name:     C071503F
time shift:     47.1000
half duration:  14.5000
latitude:       -1.4200
longitude:      69.4700
depth:          15.0000
Mrr:      -4.480000e+26
Mtt:       2.440000e+27
Mpp:      -1.990000e+27
Mrt:      -8.090000e+26
Mrp:      -5.420000e+26
Mtp:       7.400000e+26
