 PDE 2005  6 13 22 44 33.90 -19.9900  -69.2000 115.6 0.0 0.0 OWNORTHERN CHILE
event name:     C200506132244A
time shift:      6.3000
half duration:  18.3000
latitude:      -20.0200
longitude:     -69.2300
depth:          94.5000
Mrr:      -3.700000e+27
Mtt:      -2.720000e+26
Mpp:       3.970000e+27
Mrt:       6.150000e+26
Mrp:      -3.630000e+27
Mtp:      -2.360000e+26
