 PDE 2015  9 16 22 54 32.90 -31.5700  -71.6700  22.4 0.0 8.3 OWNEAR COAST OF CENTRAL CHILE
event name:     C201509162254A
time shift:     50.0000
half duration:  33.4000
latitude:      -31.1300
longitude:     -72.0900
depth:          17.4000
Mrr:       1.950000e+28
Mtt:      -4.400000e+26
Mpp:      -1.910000e+28
Mrt:       7.420000e+27
Mrp:      -2.480000e+28
Mtp:       9.400000e+26
