 PDE 2002 11  3 22 12 41.00  63.5200 -147.4400   4.9 0.0 8.5 OWCENTRAL ALASKA
event name:     M110302J
time shift:     47.0000
half duration:  23.5000
latitude:       63.2300
longitude:    -144.8900
depth:          15.0000
Mrr:       5.130000e+26
Mtt:      -6.038000e+27
Mpp:       5.525000e+27
Mrt:       1.830000e+26
Mrp:       2.615000e+27
Mtp:      -3.937000e+27
