 PDE 1994  3  9 23 28  7.70 -17.7700 -178.5000 564.0 0.0 0.0 OWFIJI ISLANDS REGION
event name:     M030994E
time shift:     10.0000
half duration:  16.0000
latitude:      -17.6900
longitude:    -178.1100
depth:         567.8000
Mrr:      -1.218000e+27
Mtt:       1.990000e+26
Mpp:       1.019000e+27
Mrt:      -1.300000e+26
Mrp:      -2.500000e+27
Mtp:       1.389000e+27
