 PDE 2017  7 17 23 34 13.90  54.4700  168.8200  11.0 0.0 7.7 OWKOMANDORSKIYE OSTROVA REGION
event name:     C201707172334A
time shift:     43.8000
half duration:  18.4000
latitude:       54.1300
longitude:     169.7800
depth:          23.2000
Mrr:      -1.250000e+26
Mtt:      -5.110000e+27
Mpp:       5.230000e+27
Mrt:       4.220000e+26
Mrp:       2.410000e+26
Mtp:      -1.490000e+27
