 PDE 2010 10 25 14 42 22.50  -3.4900  100.0800  20.1 0.0 7.8 OWSOUTHERN SUMATRA  INDONESIA
event name:     C201010251442A
time shift:     37.3000
half duration:  19.9000
latitude:       -3.7100
longitude:      99.3200
depth:          12.0000
Mrr:       1.910000e+27
Mtt:      -1.010000e+27
Mpp:      -9.060000e+26
Mrt:       5.030000e+27
Mrp:      -4.150000e+27
Mtp:       7.950000e+26
