 PDE 1994 10  4 13 22 58.30  43.7100  147.3300  33.0 0.0 8.1 OWKURIL ISLANDS
event name:     M100494B
time shift:     30.2000
half duration:  25.0000
latitude:       43.6000
longitude:     147.6300
depth:          68.2000
Mrr:       1.214000e+28
Mtt:       1.087000e+28
Mpp:      -2.301000e+28
Mrt:       1.782000e+28
Mrp:       9.800000e+27
Mtp:      -9.390000e+27
