 PDE 2002 10 10 10 50 20.60  -1.7600  134.3000  10.0 0.0 7.7 OWIRIAN JAYA REGION  INDONESIA
event name:     C101002E
time shift:     21.3000
half duration:  15.1000
latitude:       -1.7900
longitude:     134.3000
depth:          15.0000
Mrr:      -4.570000e+26
Mtt:      -2.005000e+27
Mpp:       2.461000e+27
Mrt:       5.300000e+25
Mrp:       4.840000e+26
Mtp:       1.235000e+27
