 PDE 2018  9 28 10  2 45.20  -0.2500  119.8400  20.0 0.0 7.5 OWMINAHASSA PENINSULA  SULAWESI
event name:     C201809281002A
time shift:     14.2000
half duration:  14.8000
latitude:       -0.7200
longitude:     119.8600
depth:          12.0000
Mrr:      -4.840000e+26
Mtt:       7.560000e+26
Mpp:      -2.720000e+26
Mrt:      -1.450000e+27
Mrp:      -8.690000e+26
Mtp:      -2.190000e+27
