 PDE 2005  3 28 16  9 36.50   2.0900   97.1100  30.0 0.0 8.4 OWNORTHERN SUMATRA  INDONESIA
event name:     C200503281609A
time shift:     55.0000
half duration:  49.4000
latitude:        1.6700
longitude:      97.0700
depth:          25.8000
Mrr:       2.660000e+28
Mtt:      -1.140000e+28
Mpp:      -1.530000e+28
Mrt:       8.390000e+28
Mrp:      -5.680000e+28
Mtp:       1.480000e+28
