 PDE 2003 11 17  6 43  6.80  51.1500  178.6500  33.0 0.0 7.2 OWRAT ISLANDS  ALEUTIAN ISLANDS
event name:     C111703B
time shift:     24.2000
half duration:  19.5000
latitude:       51.1400
longitude:     177.8600
depth:          21.7000
Mrr:       2.590000e+27
Mtt:      -3.080000e+27
Mpp:       4.910000e+26
Mrt:       4.000000e+27
Mrp:       1.880000e+27
Mtp:      -5.120000e+26
