 PDE 1995 12  3 18  1  7.70  44.6200  149.3200  22.1 0.0 0.0 OWKURIL ISLANDS
event name:     M120395E
time shift:     28.4000
half duration:  14.1000
latitude:       44.8200
longitude:     150.1700
depth:          25.9000
Mrr:       3.112000e+27
Mtt:      -1.390000e+27
Mpp:      -1.722000e+27
Mrt:       4.868000e+27
Mrp:       5.788000e+27
Mtp:      -1.874000e+27
