 PDE 2003  9 25 19 50  6.40  41.8100  143.9100  27.0 0.0 8.1 OWHOKKAIDO  JAPAN REGION
event name:     M092503C
time shift:     31.8000
half duration:  33.5000
latitude:       42.2100
longitude:     143.8400
depth:          28.2000
Mrr:       7.770000e+27
Mtt:      -4.110000e+27
Mpp:      -3.660000e+27
Mrt:       1.320000e+28
Mrp:       2.590000e+28
Mtp:      -6.620000e+27
