 PDE 2009  7 15  9 22 29.00 -45.7600  166.5600  12.0 0.0 7.8 OWOFF W. COAST OF S. ISLAND  N.Z
event name:     C200907150922A
time shift:     20.6000
half duration:  18.9000
latitude:      -45.8500
longitude:     166.2600
depth:          23.5000
Mrr:       3.140000e+27
Mtt:       7.590000e+26
Mpp:      -3.900000e+27
Mrt:       2.590000e+27
Mrp:      -3.750000e+27
Mtp:      -2.800000e+25
