 PDE 2017  9  8  4 49 19.20  15.0200  -93.9000  47.4 0.0 8.2 OWNEAR COAST OF CHIAPAS  MEXICO
event name:     C201709080449A
time shift:     27.5000
half duration:  32.0000
latitude:       15.3800
longitude:     -94.6600
depth:          44.8000
Mrr:      -1.090000e+28
Mtt:       3.580000e+27
Mpp:       7.340000e+27
Mrt:       1.750000e+28
Mrp:      -1.890000e+28
Mtp:      -6.520000e+27
