 PDE 2016 12 17 10 51 10.50  -4.5100  153.5200  94.5 0.0 7.9 OWNEW IRELAND REGION  P.N.G
event name:     C201612171051A
time shift:     45.8000
half duration:  21.2000
latitude:       -5.5500
longitude:     153.7600
depth:          52.8000
Mrr:       7.920000e+27
Mtt:      -3.670000e+27
Mpp:      -4.250000e+27
Mrt:      -1.530000e+27
Mrp:       1.030000e+27
Mtp:       4.210000e+27
