 PDE 2007  4  1 20 39 56.40  -8.4600  157.0400  10.0 0.0 8.1 OWSOLOMON ISLANDS
event name:     C200704012039A
time shift:     42.5000
half duration:  26.3000
latitude:       -7.7900
longitude:     156.3400
depth:          14.1000
Mrr:       1.340000e+28
Mtt:      -6.550000e+27
Mpp:      -6.850000e+27
Mrt:       7.560000e+27
Mrp:       6.000000e+25
Mtp:       7.370000e+27
