 PDE 2016 12 25 14 22 27.00 -43.4100  -73.9400  38.0 0.0 7.6 OWSOUTHERN CHILE
event name:     C201612251422A
time shift:     11.0000
half duration:  14.9000
latitude:      -43.4100
longitude:     -74.4300
depth:          32.8000
Mrr:       1.750000e+27
Mtt:      -2.900000e+25
Mpp:      -1.730000e+27
Mrt:       1.060000e+26
Mrp:      -2.240000e+27
Mtp:      -3.400000e+25
