 PDE 2007  8 15 23 40 57.90 -13.3900  -76.6000  39.0 0.0 8.0 OWNEAR COAST OF PERU
event name:     C200708152340A
time shift:     60.0000
half duration:  23.5000
latitude:      -13.7300
longitude:     -77.0400
depth:          33.8000
Mrr:       8.470000e+27
Mtt:      -1.310000e+27
Mpp:      -7.160000e+27
Mrt:      -2.000000e+26
Mrp:      -7.170000e+27
Mtp:       3.390000e+27
