 PDE 1994  6  2 18 17 36.80 -10.4700  112.9800  39.0 0.0 7.2 OWSOUTH OF JAVA  INDONESIA
event name:     M060294C
time shift:     39.0000
half duration:  11.5000
latitude:      -11.0300
longitude:     113.0400
depth:          15.0000
Mrr:       1.381000e+27
Mtt:      -1.185000e+27
Mpp:      -1.960000e+26
Mrt:       5.126000e+27
Mrp:      -7.830000e+26
Mtp:       1.420000e+26
