 PDE 2001  1 13 17 33 32.40  13.0500  -88.6600  60.0 0.0 7.8 OWEL SALVADOR
event name:     C011301C
time shift:     13.4000
half duration:  20.6000
latitude:       12.9700
longitude:     -89.1300
depth:          56.0000
Mrr:      -4.239000e+27
Mtt:       2.921000e+27
Mpp:       1.318000e+27
Mrt:       1.202000e+27
Mrp:      -1.118000e+27
Mtp:      -2.012000e+27
