 PDE 1995  8 16 10 27 26.40  -5.8100  154.2100  16.0 0.0 7.8 OWSOLOMON ISLANDS
event name:     M081695D
time shift:     34.3000
half duration:  17.5000
latitude:       -5.5100
longitude:     153.6400
depth:          45.6000
Mrr:       4.606000e+27
Mtt:      -2.041000e+27
Mpp:      -2.565000e+27
Mrt:      -2.190000e+26
Mrp:       4.740000e+26
Mtp:       2.260000e+27
