 PDE 1999  9 20 17 47 18.50  23.7700  120.9800  33.0 0.0 7.7 OWTAIWAN
event name:     C092099D
time shift:     16.8000
half duration:  19.9000
latitude:       24.1500
longitude:     120.8000
depth:          21.2000
Mrr:       2.670000e+27
Mtt:      -9.280000e+26
Mpp:      -1.742000e+27
Mrt:      -1.063000e+27
Mrp:      -1.918000e+27
Mtp:      -1.064000e+27
