 PDE 2009  1  3 19 43 50.70  -0.4100  132.8800  17.0 0.0 7.6 OWIRIAN JAYA REGION  INDONESIA
event name:     C200901031943A
time shift:     18.3000
half duration:  16.6000
latitude:       -0.3800
longitude:     132.8300
depth:          15.2000
Mrr:       2.200000e+27
Mtt:      -1.810000e+27
Mpp:      -3.850000e+26
Mrt:      -1.520000e+27
Mrp:       2.790000e+27
Mtp:       1.170000e+27
