 PDE 1996  2 17  5 59 29.70  -0.9500  137.0300  33.0 0.0 8.1 OWIRIAN JAYA REGION  INDONESIA
event name:     M021796B
time shift:     33.1000
half duration:  29.6000
latitude:       -0.6700
longitude:     136.6200
depth:          15.0000
Mrr:       8.480000e+27
Mtt:      -7.150000e+27
Mpp:      -1.330000e+27
Mrt:      -1.831000e+28
Mrp:       1.313000e+28
Mtp:       3.100000e+27
