 PDE 2001  1 26  3 16 40.50  23.4200   70.2300  16.0 0.0 8.0 OWSOUTHERN INDIA
event name:     M012601A
time shift:     14.4000
half duration:  24.1000
latitude:       23.6300
longitude:      70.2400
depth:          19.8000
Mrr:       2.338000e+27
Mtt:      -3.161000e+27
Mpp:       8.230000e+26
Mrt:       1.338000e+27
Mrp:       1.386000e+27
Mtp:       1.130000e+26
