 PDE 1998  3 25  3 12 25.10 -62.8800  149.5300  10.0 0.0 8.0 OWBALLENY ISLANDS REGION
event name:     M032598B
time shift:     37.4000
half duration:  29.1000
latitude:      -62.9900
longitude:     148.6400
depth:          28.8000
Mrr:      -6.620000e+27
Mtt:       9.210000e+27
Mpp:      -2.580000e+27
Mrt:      -6.890000e+27
Mrp:      -4.040000e+27
Mtp:       1.464000e+28
