 PDE 2019  5 26  7 41 15.10  -5.8100  -75.2700 122.6 0.0 8.0 OWNORTHERN PERU
event name:     C201905260741A
time shift:     37.7000
half duration:  24.2000
latitude:       -5.2500
longitude:     -75.3600
depth:         126.6000
Mrr:      -1.060000e+28
Mtt:      -7.500000e+26
Mpp:       1.140000e+28
Mrt:       5.800000e+26
Mrp:      -4.840000e+27
Mtp:      -2.620000e+27
