 PDE 2020  7 22  6 12 44.70  55.0700 -158.5500  28.0 0.0 7.8 OWALASKA PENINSULA
event name:     C202007220612A
time shift:     31.3000
half duration:  20.4000
latitude:       54.8300
longitude:    -159.2800
depth:          36.3000
Mrr:       4.150000e+27
Mtt:      -3.230000e+27
Mpp:      -9.180000e+26
Mrt:       5.380000e+27
Mrp:       2.930000e+27
Mtp:      -1.650000e+27
