 PDE 2018 12  5  4 18  8.40 -21.9500  169.4300  10.0 0.0 7.5 OWSOUTHEAST OF LOYALTY ISLANDS
event name:     C201812050418A
time shift:     24.3000
half duration:  14.3000
latitude:      -21.9500
longitude:     169.2500
depth:          17.8000
Mrr:      -2.420000e+27
Mtt:       1.330000e+27
Mpp:       1.090000e+27
Mrt:      -5.580000e+26
Mrp:       4.890000e+26
Mtp:      -1.180000e+27
