 PDE 2020  3 25  2 49 21.20  48.9600  157.7000  57.8 0.0 7.5 OWEAST OF KURIL ISLANDS
event name:     C202003250249A
time shift:     10.9000
half duration:  13.4000
latitude:       49.1100
longitude:     157.8700
depth:          52.6000
Mrr:       1.960000e+27
Mtt:      -1.990000e+26
Mpp:      -1.760000e+27
Mrt:       1.890000e+26
Mrp:      -2.930000e+26
Mtp:      -8.150000e+26
