 PDE 2020  1 28 19 10 24.90  19.4200  -78.7600  14.9 0.0 7.7 OWCUBA REGION
event name:     C202001281910A
time shift:     27.5000
half duration:  17.1000
latitude:       19.3300
longitude:     -79.5500
depth:          23.9000
Mrr:      -1.230000e+26
Mtt:      -1.780000e+27
Mpp:       1.900000e+27
Mrt:       4.130000e+26
Mrp:      -1.150000e+26
Mtp:       3.860000e+27
