 PDE 1993  1 15 11  6  5.00  43.4000  143.2600 100.0 0.0 7.1 OWHOKKAIDO  JAPAN REGION
event name:     C011593C
time shift:     10.6000
half duration:  15.2000
latitude:       43.0600
longitude:     144.2900
depth:         100.0000
Mrr:      -1.850000e+26
Mtt:       5.650000e+26
Mpp:      -3.810000e+26
Mrt:       2.640000e+27
Mrp:       4.850000e+26
Mtp:      -7.100000e+25
