 PDE 2016  7 29 21 18 24.70  18.5400  145.5100 196.0 0.0 7.7 OWMARIANA ISLANDS
event name:     C201607292118A
time shift:      8.9000
half duration:  17.6000
latitude:       18.5000
longitude:     145.7000
depth:         208.9000
Mrr:       3.360000e+27
Mtt:       4.050000e+26
Mpp:      -3.770000e+27
Mrt:      -2.410000e+27
Mrp:       1.800000e+27
Mtp:       7.850000e+26
