 PDE 2000  5  4  4 21 16.20  -1.1100  123.5700  26.0 0.0 7.5 OWSULAWESI  INDONESIA
event name:     C050400A
time shift:     17.2000
half duration:  15.1000
latitude:       -1.2900
longitude:     123.5900
depth:          18.6000
Mrr:       8.120000e+26
Mtt:       1.839000e+27
Mpp:      -2.651000e+27
Mrt:      -4.550000e+26
Mrp:       8.390000e+26
Mtp:      -5.500000e+25
