 PDE 2006 11 15 11 14 17.80  46.5700  153.2900  38.9 0.0 8.3 OWKURIL ISLANDS
event name:     M200611151114A
time shift:     50.2000
half duration:  34.4000
latitude:       46.7100
longitude:     154.3300
depth:          13.5000
Mrr:       1.740000e+28
Mtt:      -5.550000e+27
Mpp:      -1.180000e+28
Mrt:       1.640000e+28
Mrp:       2.580000e+28
Mtp:      -7.710000e+27
