 PDE 1997  4 21 12  2 26.40 -12.5800  166.6800  33.0 0.0 7.9 OWSANTA CRUZ ISLANDS
event name:     M042197B
time shift:     42.3000
half duration:  14.4000
latitude:      -13.2100
longitude:     166.2000
depth:          51.2000
Mrr:       2.737000e+27
Mtt:      -7.300000e+25
Mpp:      -2.664000e+27
Mrt:      -7.540000e+26
Mrp:      -2.498000e+27
Mtp:       2.268000e+27
