 PDE 2000 11 16  4 54 56.70  -3.9800  152.1700  33.0 0.0 8.2 OWNEW IRELAND REGION  P.N.G
event name:     M111600B
time shift:     39.8000
half duration:  21.9000
latitude:       -4.5600
longitude:     152.7900
depth:          24.0000
Mrr:       3.010000e+26
Mtt:       7.782000e+27
Mpp:      -8.083000e+27
Mrt:      -8.537000e+27
Mrp:      -3.624000e+27
Mtp:      -2.598000e+27
