 PDE 2006  7 17  8 19 28.80  -9.2500  107.4100  34.0 0.0 7.7 OWSOUTH OF JAVA  INDONESIA
event name:     M200607170819A
time shift:     69.6000
half duration:  13.9000
latitude:      -10.2800
longitude:     107.7800
depth:          20.0000
Mrr:       1.630000e+27
Mtt:      -1.320000e+27
Mpp:      -3.060000e+26
Mrt:       4.310000e+27
Mrp:      -5.760000e+26
Mtp:       3.110000e+26
