 PDE 2001  7  7  9 38 43.50 -17.5400  -72.0800  33.0 0.0 7.3 OWNEAR COAST OF PERU
event name:     C070701F
time shift:     18.3000
half duration:  14.0000
latitude:      -17.4500
longitude:     -72.4500
depth:          25.0000
Mrr:       1.138000e+27
Mtt:      -2.100000e+26
Mpp:      -9.280000e+26
Mrt:       6.770000e+26
Mrp:      -2.845000e+27
Mtp:       7.710000e+26
