 PDE 2015 11 24 22 45 38.10 -10.5500  -70.9000 600.6 0.0 7.6 OWPERU-BRAZIL BORDER REGION
event name:     M201511242245A
time shift:      8.7000
half duration:  16.6000
latitude:      -10.7300
longitude:     -71.1200
depth:         610.7000
Mrr:      -2.590000e+27
Mtt:       3.010000e+26
Mpp:       2.290000e+27
Mrt:      -4.610000e+26
Mrp:       4.920000e+26
Mtp:      -6.420000e+26
