 PDE 2016  3  2 12 49 48.10  -4.9500   94.3300  24.0 0.0 7.8 OWSOUTHWEST OF SUMATRA  INDONESIA
event name:     C201603021249A
time shift:     17.3000
half duration:  19.0000
latitude:       -4.7500
longitude:      94.2200
depth:          37.2000
Mrr:       1.630000e+26
Mtt:      -1.110000e+27
Mpp:       9.430000e+26
Mrt:       5.000000e+24
Mrp:       2.850000e+26
Mtp:      -5.830000e+27
