 PDE 2016 11 13 11  2 56.30 -42.7400  173.0500  15.2 0.0 7.8 OWSOUTH ISLAND  NEW ZEALAND
event name:     C201611131102A
time shift:     56.9000
half duration:  19.8000
latitude:      -42.0300
longitude:     173.8500
depth:          18.8000
Mrr:       3.560000e+27
Mtt:       1.690000e+27
Mpp:      -5.250000e+27
Mrt:      -1.140000e+27
Mrp:       4.340000e+27
Mtp:      -2.040000e+27
