 PDE 2000  3 28 11  0 22.50  22.3400  143.7300 126.5 0.0 7.6 OWVOLCANO ISLANDS  JAPAN REGION
event name:     M032800C
time shift:      8.8000
half duration:  17.6000
latitude:       22.3200
longitude:     143.7600
depth:          99.7000
Mrr:      -1.800000e+25
Mtt:       8.750000e+26
Mpp:      -8.570000e+26
Mrt:      -2.938000e+27
Mrp:       1.131000e+27
Mtp:      -5.760000e+26
