 PDE 2001 11 14  9 26 10.00  35.9500   90.5400  10.0 0.0 8.0 OWQINGHAI  CHINA
event name:     M111401B
time shift:     65.9000
half duration:  25.8000
latitude:       35.8000
longitude:      92.9100
depth:          15.0000
Mrr:      -5.840000e+26
Mtt:       1.650000e+27
Mpp:      -1.067000e+27
Mrt:      -8.240000e+26
Mrp:       3.092000e+27
Mtp:       4.776000e+27
