 PDE 1995  7 30  5 11 23.50 -23.3600  -70.3100  47.0 0.0 7.3 OWNEAR COAST OF NORTHERN CHILE
event name:     M073095A
time shift:     33.4000
half duration:  16.0000
latitude:      -24.1700
longitude:     -70.7400
depth:          28.7000
Mrr:       8.261000e+27
Mtt:       4.250000e+26
Mpp:      -8.686000e+27
Mrt:       3.020000e+26
Mrp:      -8.674000e+27
Mtp:       6.420000e+26
