 PDE 1998 11 29 14 10 32.00  -2.0700  124.8900  33.0 0.0 7.7 OWCERAM SEA
event name:     C112998B
time shift:     13.1000
half duration:  19.5000
latitude:       -2.0300
longitude:     125.0000
depth:          16.4000
Mrr:      -9.040000e+26
Mtt:       1.471000e+27
Mpp:      -5.670000e+26
Mrt:      -1.999000e+27
Mrp:       2.911000e+27
Mtp:       2.930000e+27
