 PDE 2000  6  4 16 28 26.20  -4.7200  102.0900  33.0 0.0 8.0 OWSOUTHERN SUMATRA  INDONESIA
event name:     M060400D
time shift:     20.3000
half duration:  28.6000
latitude:       -4.7300
longitude:     101.9400
depth:          43.9000
Mrr:       3.850000e+27
Mtt:      -3.961000e+27
Mpp:       1.110000e+26
Mrt:       4.000000e+25
Mrp:      -2.720000e+27
Mtp:      -5.995000e+27
