 PDE 2008  7  5  2 12  4.50  53.8800  152.8900 632.8 0.0 7.7 OWSEA OF OKHOTSK
event name:     C200807050212A
time shift:      9.7000
half duration:  17.3000
latitude:       54.1200
longitude:     153.3700
depth:         610.8000
Mrr:      -3.260000e+27
Mtt:      -7.730000e+26
Mpp:       4.030000e+27
Mrt:      -2.180000e+27
Mrp:      -1.000000e+27
Mtp:      -8.510000e+26
