 PDE 2016  4 16 23 58 36.90   0.3500  -79.9300  21.0 0.0 7.8 OWNEAR COAST OF ECUADOR
event name:     C201604162358A
time shift:     20.1000
half duration:  19.0000
latitude:       -0.1200
longitude:     -80.2500
depth:          22.3000
Mrr:       3.410000e+27
Mtt:       3.400000e+25
Mpp:      -3.440000e+27
Mrt:       1.220000e+27
Mrp:      -4.650000e+27
Mtp:      -6.430000e+26
