 PDE 1993  8  8  8 34 25.00  12.9600  144.7800  61.0 0.0 8.1 OWSOUTH OF MARIANA ISLANDS
event name:     M080893B
time shift:     24.3000
half duration:  19.9000
latitude:       13.0600
longitude:     145.3100
depth:          59.3000
Mrr:       2.349000e+27
Mtt:      -1.513000e+27
Mpp:      -8.360000e+26
Mrt:       4.368000e+27
Mrp:       2.088000e+27
Mtp:       1.222000e+27
