 PDE 1993  7 12 13 17 11.90  42.8400  139.2500  17.0 0.0 7.6 OWHOKKAIDO  JAPAN REGION
event name:     M071293B
time shift:     25.0000
half duration:  16.3000
latitude:       42.7100
longitude:     139.2800
depth:          16.5000
Mrr:       4.521000e+27
Mtt:      -2.920000e+26
Mpp:      -4.229000e+27
Mrt:       4.100000e+25
Mrp:      -1.582000e+27
Mtp:       2.300000e+25
