 PDE 2006  1 27 16 58 53.70  -5.4700  128.1300 397.0 0.0 0.0 OWBANDA SEA
event name:     M200601271658A
time shift:     11.1000
half duration:  16.0000
latitude:       -5.6100
longitude:     128.2000
depth:         397.4000
Mrr:      -2.420000e+27
Mtt:      -6.160000e+26
Mpp:       3.040000e+27
Mrt:      -1.170000e+27
Mrp:       1.490000e+27
Mtp:       1.120000e+27
