 PDE 2005  9 26  1 55 37.70  -5.6800  -76.4000 115.0 0.0 0.0 OWNORTHERN PERU
event name:     C200509260155A
time shift:      6.3000
half duration:  13.6000
latitude:       -5.6000
longitude:     -76.2000
depth:         108.1000
Mrr:      -2.020000e+27
Mtt:      -1.240000e+26
Mpp:       2.150000e+27
Mrt:      -4.900000e+25
Mrp:       4.470000e+26
Mtp:      -5.010000e+26
